0 1.32711663878e-142
1 4.16305227398e-143
2 -2.57559457914e-141
3 1.90972949349e-141
4 5.5045581279e-140
5 2.43367495396e-141
6 -1.09562927667e-138
7 -1.65050458021e-138
8 1.89786983589e-137
9 6.10200187473e-137
10 -2.71180158421e-136
11 -1.50086208931e-135
12 7.31404091993e-135
13 2.85013273961e-134
14 -8.16550324304e-134
15 -5.27931951252e-133
16 2.1468084829e-132
17 6.28625560008e-132
18 -6.36679655319e-131
19 7.30461584798e-131
20 1.05082485513e-129
21 -1.30042295768e-129
22 -1.98690130341e-128
23 5.11494434374e-128
24 3.03992836413e-127
25 -2.09352653481e-126
26 8.873173462e-127
27 4.07333547267e-125
28 5.91099098815e-125
29 -7.43627887418e-124
30 -1.32836435191e-123
31 1.4543239837e-122
32 9.47739329802e-123
33 -2.58377134477e-121
34 -2.61150839734e-122
35 4.52921711945e-120
36 6.25227131441e-120
37 -7.37817099156e-119
38 -1.18467514869e-119
39 1.35730169315e-117
40 2.27701919436e-117
41 -2.36429044172e-116
42 -5.25520079028e-116
43 3.07120349157e-115
44 1.58763568288e-114
45 -2.80310441103e-114
46 -2.40383155615e-113
47 6.64717713555e-113
48 2.52630044476e-112
49 -1.14037979329e-111
50 -6.84120698725e-111
51 1.70862152522e-110
52 8.35962634382e-110
53 -2.89061179523e-109
54 -1.81257670411e-108
55 5.37254402292e-108
56 3.26915545943e-107
57 -8.79899272346e-107
58 -5.26169680485e-106
59 1.86058749148e-106
60 8.36505701837e-105
61 -3.67474514354e-106
62 -1.24791865488e-103
63 5.29286570507e-104
64 1.80009888204e-102
65 -5.49152616551e-102
66 -2.34218951292e-101
67 2.89523260838e-101
68 4.60805563448e-100
69 7.49938586996e-100
70 -7.11195708761e-99
71 1.15578923564e-98
72 7.72385557765e-98
73 -3.55170690753e-97
74 -1.40370101967e-96
75 4.69935559218e-96
76 1.90470435989e-95
77 -4.92714949414e-95
78 -3.12108670344e-94
79 9.08309907465e-94
80 3.29220249197e-93
81 -1.69858786978e-92
82 -3.0309318486e-92
83 2.10758339229e-91
84 6.66499007254e-91
85 -2.86093478437e-90
86 -1.10998559226e-89
87 4.19354974248e-89
88 1.43127027352e-88
89 -2.96043841449e-88
90 -2.02351856299e-87
91 2.56668751239e-88
92 2.66363854413e-86
93 -7.0407174152e-86
94 -2.92574410385e-85
95 7.94605068083e-85
96 2.42563166432e-84
97 -1.11210685669e-83
98 -2.75196537563e-83
99 7.86801542645e-83
100 4.93260327581e-82
101 -2.04591492423e-82
102 -6.85061083504e-81
103 1.83673368011e-80
104 6.42356074962e-80
105 -2.60472690795e-79
106 -3.78894491928e-79
107 3.0649835819e-78
108 -2.00232808741e-78
109 -4.02723723775e-77
110 4.29959624278e-77
111 4.91408533226e-76
112 7.90175129783e-78
113 -4.96814370706e-75
114 -5.14008468039e-75
115 5.21481941689e-74
116 8.06841803906e-74
117 -5.82417605621e-73
118 -2.79386184247e-74
119 5.61044183132e-72
120 1.17261604715e-71
121 -6.38177975616e-71
122 2.57202117835e-71
123 6.5874301978e-70
124 1.11883584139e-69
125 -5.36246947209e-69
126 -1.22530623617e-68
127 4.04602086117e-68
128 1.59710654188e-67
129 -4.12142163267e-67
130 -1.83949304762e-66
131 5.47709824714e-66
132 2.09666896413e-65
133 -2.1927288379e-65
134 -2.11349309829e-64
135 -3.72644416541e-64
136 1.50357884402e-63
137 2.9685427718e-63
138 -1.70363699789e-62
139 -2.13030974025e-62
140 9.69983371086e-62
141 4.98829919587e-61
142 -5.27579035304e-61
143 -4.18817223579e-60
144 6.65962142104e-61
145 3.21915274571e-59
146 -1.58638959313e-59
147 -3.15432892646e-58
148 2.76101863494e-58
149 2.64616498859e-57
150 -7.7221821689e-57
151 -2.11572508909e-56
152 7.77802660724e-56
153 1.13448890088e-55
154 -6.83208603962e-55
155 6.52957038959e-55
156 4.80011861237e-54
157 -4.19977121083e-54
158 -3.99349097086e-53
159 3.27898935963e-53
160 2.51774908098e-52
161 -1.30269970565e-52
162 -2.14610698439e-51
163 2.79616099977e-51
164 1.61779793491e-50
165 -3.78551284637e-50
166 -1.27734932546e-49
167 -7.75681491475e-50
168 1.01494894846e-48
169 1.33016226179e-49
170 -6.17723524811e-48
171 -9.76254135002e-48
172 3.96178285388e-47
173 6.18724786651e-47
174 -3.46143774571e-46
175 -3.46386615894e-46
176 1.94554949385e-45
177 3.47668767748e-45
178 -3.74424413101e-45
179 -3.30665198457e-44
180 3.08184212838e-44
181 1.54401203604e-43
182 -3.50552648865e-43
183 -1.15482702711e-42
184 -8.38207955892e-43
185 8.48361563042e-42
186 6.86064040994e-42
187 -4.59405665141e-41
188 -1.08858170087e-40
189 3.63350544705e-40
190 -9.01926910138e-41
191 -1.79240950268e-39
192 1.55932717731e-39
193 5.79167056248e-39
194 -2.53808458212e-38
195 -3.0997954088e-38
196 1.70602545328e-37
197 3.0747291332e-37
198 -6.05646928424e-37
199 -5.98208722446e-37
200 5.02046809373e-36
201 7.23109453954e-37
202 -3.72460155769e-35
203 -1.19361405426e-34
204 2.17148335691e-34
205 6.58134482073e-34
206 -1.21157400222e-33
207 -2.79682805529e-35
208 7.71989567952e-33
209 3.86061357872e-33
210 -4.06520747148e-32
211 5.91313901185e-32
212 2.20508043649e-31
213 -5.1074603916e-31
214 -5.39396198523e-31
215 2.8661726276e-30
216 2.32950583993e-30
217 -1.17365166305e-29
218 -2.27417131239e-29
219 -2.70696972812e-30
220 1.25897698572e-28
221 -2.65403784178e-28
222 -7.22701511242e-28
223 -4.8222253186e-28
224 2.51704960275e-27
225 4.06566768348e-27
226 -1.25982551858e-26
227 1.28441634845e-26
228 2.52589147082e-26
229 -8.23531280263e-26
230 -2.98714838803e-26
231 2.89551537439e-25
232 9.63014862709e-26
233 -9.49286922464e-25
234 -8.26072641043e-25
235 4.15206379403e-24
236 -3.78261951939e-24
237 -7.44962204908e-24
238 1.55656418655e-23
239 4.29808297033e-24
240 -5.20857028795e-23
241 -4.04685351481e-23
242 1.31213827968e-22
243 1.52436849566e-22
244 -2.50951699418e-22
245 -4.55468151007e-22
246 1.17130684112e-21
247 1.63397759009e-21
248 -3.31988135824e-21
249 -7.83449555689e-21
250 1.72252350524e-21
251 1.42664306386e-20
252 3.6169157354e-21
253 -3.72121363548e-20
254 4.02045851185e-20
255 1.44755712276e-19
256 2.06689551683e-19
257 -3.78471794829e-19
258 5.13897078326e-20
259 6.63648823637e-19
260 -6.69556149854e-19
261 -2.69554831945e-19
262 2.26623696873e-18
263 -2.39292423804e-19
264 -4.44220077407e-18
265 7.72542400973e-18
266 1.92618425249e-17
267 1.30895563427e-17
268 -3.19431762573e-17
269 -6.56549234162e-17
270 8.553717576e-17
271 -4.95546826019e-17
272 -1.30859581499e-16
273 3.68290684844e-18
274 1.79812868546e-16
275 -1.50530472582e-16
276 -2.47965669061e-16
277 4.39869482546e-16
278 -6.59783924521e-17
279 -4.73415435034e-16
280 -4.43423107691e-16
281 8.47040902184e-16
282 1.68951107904e-17
283 -9.87734910155e-16
284 1.58579068003e-15
285 3.01429584403e-15
286 -6.60731027641e-15
287 -1.49604612111e-14
288 3.83468852943e-15
289 2.16833212078e-14
290 2.10345457068e-14
291 -5.70172728461e-14
292 1.88878785782e-14
293 3.16702876912e-14
294 7.9455216886e-15
295 -5.71649783347e-14
296 4.89478115505e-15
297 8.36938256201e-14
298 1.95615791359e-14
299 -9.37758190809e-14
300 1.20449275178e-13
301 -1.31356062394e-14
302 -1.2410387962e-13
303 -1.96497062117e-13
304 1.08436506029e-13
305 3.38810076719e-13
306 -4.18360777448e-13
307 -5.51635684004e-13
308 6.39667287324e-13
309 -4.09228194203e-13
310 -1.67035048672e-12
311 1.97100709904e-12
312 5.84710146997e-12
313 -5.03379808761e-12
314 -1.25719777297e-11
315 2.23223294675e-11
316 3.44563881916e-11
317 -4.04853134153e-11
318 -3.36454096909e-11
319 -2.7159061386e-11
320 -5.34795264102e-12
321 2.50173086596e-11
322 -3.29514405922e-11
323 -1.96798701555e-11
324 1.88505711292e-11
325 2.6776197775e-12
326 -1.46798888705e-12
327 -5.28412563548e-11
328 1.29401471805e-10
329 -1.15544991115e-10
330 1.15176474873e-10
331 8.34808850203e-11
332 -2.86176143214e-10
333 -3.25376654352e-10
334 2.09274544399e-10
335 -1.4510246825e-11
336 -4.56329354511e-11
337 2.39442790525e-10
338 -4.46660755072e-10
339 5.13551171347e-10
340 6.14022076706e-10
341 -2.28083869297e-11
342 -8.21112221796e-10
343 4.19538824447e-10
344 8.98467756407e-11
345 -6.63440221725e-10
346 5.31737833796e-10
347 6.35766305772e-10
348 -4.27344414369e-10
349 -1.06447623664e-09
350 1.70799526923e-09
351 6.22042747374e-10
352 -3.76785516464e-09
353 2.8962725073e-09
354 7.02027708991e-09
355 7.46938984929e-09
356 -1.66496337793e-08
357 6.25269023424e-09
358 1.90817926753e-09
359 -5.41313036132e-09
360 8.85875962665e-09
361 1.43257161093e-08
362 -1.77626144539e-08
363 -2.2785646866e-08
364 2.10698530546e-08
365 3.3672389619e-08
366 1.27556478353e-08
367 -5.17035667145e-08
368 -4.91283434074e-08
369 2.10772161012e-08
370 1.49367922737e-08
371 -2.20509493038e-08
372 -1.8796312132e-08
373 8.69934470443e-09
374 1.27892243075e-08
375 -1.89855926793e-08
376 -6.10240770161e-09
377 1.37509708588e-08
378 3.01822407227e-08
379 -6.49546030129e-08
380 9.36614333175e-08
381 -1.5466649963e-08
382 -9.0398826994e-08
383 -4.11030829725e-08
384 4.94271865104e-08
385 6.29860345769e-08
386 -5.75018140889e-08
387 -6.25344564116e-08
388 1.26268894396e-07
389 2.21400149344e-07
390 1.1365664494e-07
391 -3.50201034262e-07
392 -1.96677756084e-07
393 2.81371831852e-07
394 1.18981011094e-07
395 -3.27081936086e-07
396 -2.45929083577e-07
397 4.71658867981e-07
398 -1.41388552612e-07
399 -5.39718253156e-07
400 1.07634540459e-06
401 2.57815963526e-08
402 -1.38851167898e-06
403 9.94966926023e-07
404 3.22448216826e-06
405 -5.80111773314e-06
406 -4.728953052e-06
407 2.18565633893e-07
408 4.67087703421e-06
409 2.85512305256e-06
410 -3.13264998215e-06
411 1.78981339255e-06
412 9.75052070199e-06
413 8.82309445987e-06
414 1.04093928873e-05
415 9.50555030989e-06
416 -1.01219519862e-05
417 -3.78551111557e-05
418 5.57437581038e-05
419 9.89855498354e-05
420 -0.000157386736219
421 -0.000112033500072
422 6.9205603711e-05
423 0.000261503936063
424 -0.000353576950307
425 -0.000660352166041
426 0.000569873662017
427 -0.000202683620358
428 -0.000630729175667
429 -0.000243841367634
430 0.000580181586775
431 0.00120111197922
432 -0.00185766273024
433 0.00115136381131
434 0.00124503185115
435 -0.00320937241852
436 0.00282839306298
437 0.00203520728048
438 -0.00243692694452
439 -0.00303168070497
440 0.00270979500963
441 0.000282290777491
442 -0.00303893983117
443 0.00519964446652
444 -0.00435301263369
445 -0.00920591306907
446 -0.00406911687595
447 0.0149685941753
448 -0.0116743481386
449 -0.000743827374268
450 0.0082865655158
451 0.00486883578893
452 -0.00323860540092
453 -0.00056107759187
454 0.00335860896829
455 -0.00238796020592
456 0.00178795829885
457 0.000412642364427
458 -0.000383305972679
459 -0.00297234725292
460 -0.00289542182735
461 0.0187034926571
462 -0.0025919561045
463 -0.0522513301409
464 0.0150254343043
465 0.0205677239519
466 0.0246382666824
467 0.0205696910641
468 -0.028265372946
469 0.0308834478397
470 0.00662456751177
471 -0.0398961750182
472 -0.0639878456732
473 0.0853522809793
474 -0.070116760657
475 -0.0316994990922
476 0.0869955224905
477 -0.00386712985848
478 -0.0804152276943
479 0.0913071605121
480 0.162167354277
481 -0.32002464662
482 -0.185481238601
483 -0.213160663167
484 0.384125295476
485 0.140037931112
486 0.0207110873467
487 -0.0487572845949
488 -0.617012484992
489 -0.6970635718
490 -0.43119185207
491 0.186158403297
492 -0.673173926233
493 0.717925771366
494 1.42956924149
495 0.888979103808
496 1.07324282608
497 0.711868573975
498 1.50886502962
499 1.81599882909
500 1.89590526148
501 0.782581086094
502 0.668551451759
503 0.72380398266
504 0.604241371008
505 1.02756047375
506 -0.076145556481
507 0.579760614538
508 0.546544633874
509 1.53713573098
510 0.567339798971
511 0.0618375981199
512 -0.441566062362
513 0.423620124211
514 -0.172307275298
515 -0.0928824929953
516 0.00744145230075
517 0.058266680451
518 0.151468050738
519 -0.0245851471305
520 0.0390962236544
521 -0.0683738395598
522 0.11939486706
523 -0.106954403874
524 -0.0159067196539
525 0.025958444426
526 -0.0216932961997
527 -0.00207214220209
528 -0.0123991813975
529 0.0191665612622
530 0.0375047391557
531 -0.00838753921313
532 -0.0172209750489
533 -0.0094552853936
534 0.0157004411748
535 -0.00269175005529
536 -0.0112061824436
537 0.018510224673
538 -0.00206414006364
539 -0.00782410809696
540 0.00674978451
541 -0.0081886247682
542 0.00725528095514
543 0.000527687939881
544 -0.00830718848751
545 -0.00460128276676
546 0.00273514729307
547 0.00616266953637
548 0.0056900818362
549 0.000708114635326
550 -0.00637067229445
551 0.00756854106611
552 -0.00466302976665
553 -0.00290928731379
554 0.0114522450366
555 -0.0167095022729
556 -0.0060414123337
557 0.0122976685685
558 0.00195549017602
559 -0.0161603990519
560 -0.0196315599436
561 -0.0123970499677
562 0.00405742975789
563 0.00649362170146
564 5.33926632809e-05
565 -0.00916397350782
566 -0.0143765245411
567 -0.0116189774069
568 0.00576875077277
569 0.00210754406997
570 -0.00263922887189
571 0.000277995066389
572 0.00169945725635
573 -0.00378078556726
574 -0.00391845615657
575 0.0001249156494
576 0.00370612804421
577 0.00225858376134
578 -0.00217174203646
579 -0.00146225098436
580 0.000501691373652
581 0.000455703602211
582 -3.24074436806e-05
583 -0.000535678161173
584 -0.000290866758335
585 0.000754822103171
586 6.61803989381e-05
587 -0.000791598197414
588 1.90214136748e-05
589 0.000819009055478
590 0.000818832786805
591 -0.00053808032036
592 -0.000321101187869
593 0.000339546348287
594 0.000117142668393
595 -0.000140066551057
596 -0.000170689811076
597 -0.000110787304522
598 9.6597326892e-06
599 0.000105162396806
600 9.96665756397e-05
601 5.22181987235e-05
602 -3.74575679309e-05
603 2.34881965862e-05
604 5.91963581422e-05
605 4.3190886667e-05
606 -9.81918407144e-05
607 6.67056212383e-05
608 1.13462120722e-05
609 -7.31451282697e-05
610 -8.39036142462e-05
611 -3.50483529498e-05
612 7.9497342954e-05
613 4.0183666233e-05
614 -5.88944853008e-05
615 -0.000116710781136
616 -7.18970791741e-05
617 2.23176540198e-05
618 4.19773718579e-05
619 2.54164653921e-05
620 -1.78932320761e-05
621 -1.76871000903e-05
622 -1.82092238555e-06
623 1.36584904916e-05
624 1.82197443776e-05
625 -1.09113411061e-05
626 3.03162552369e-06
627 5.52568438554e-06
628 -9.93772689698e-07
629 -3.38263372628e-06
630 -2.62625636861e-06
631 1.29694232657e-06
632 2.83988149582e-08
633 -1.33136341613e-06
634 -5.37600086428e-07
635 1.27347748605e-06
636 -8.09444161586e-07
637 -3.47365501709e-08
638 8.78158965116e-07
639 4.48159849145e-08
640 -8.61092718403e-07
641 -2.78657392292e-07
642 5.39432580573e-07
643 -2.37725404172e-07
644 -9.04688869801e-08
645 5.56446605464e-08
646 7.35876191578e-08
647 -1.90278753381e-08
648 -5.599395515e-09
649 1.80484824469e-08
650 1.56927792657e-08
651 -1.68151661552e-08
652 -3.40805429924e-08
653 1.48653570997e-08
654 1.41002831506e-08
655 -2.80022354541e-08
656 -1.24023316513e-08
657 9.10122412936e-09
658 -5.82561183063e-09
659 3.72564502733e-10
660 5.45051080437e-09
661 -4.89434586668e-09
662 -3.66317792555e-09
663 3.25550836215e-09
664 -5.52051801293e-10
665 -2.0262822637e-09
666 -7.72327894056e-10
667 2.14387879332e-09
668 -1.62356309096e-09
669 -1.42967699741e-09
670 4.25873198383e-10
671 3.08529955151e-10
672 -5.62385413954e-10
673 8.65715846257e-10
674 -5.23130754791e-10
675 -2.1088630105e-10
676 1.49420823367e-10
677 -8.78537554332e-11
678 -3.59372216875e-11
679 2.86323442315e-11
680 -1.06158137368e-12
681 -1.30616370999e-11
682 -7.85265205954e-12
683 1.0688816057e-11
684 1.12943277186e-11
685 -1.74844036265e-12
686 -7.08109906486e-12
687 1.53850701496e-12
688 4.91291114348e-12
689 -2.38215083503e-12
690 7.2800256025e-13
691 6.74658253704e-13
692 -7.8388310232e-13
693 1.25245565893e-13
694 1.08944299524e-12
695 1.71543200776e-13
696 -1.24533175857e-12
697 -1.2183748509e-12
698 4.3168204216e-13
699 2.27273883581e-13
700 -1.72864928757e-13
701 1.10884201934e-13
702 8.25315673257e-14
703 1.72084563818e-14
704 -7.71292773558e-14
705 4.40717196154e-14
706 4.12518699261e-14
707 1.90911217671e-14
708 -1.12845373849e-14
709 3.26661009594e-15
710 8.75200633272e-15
711 -3.2730521226e-15
712 -2.31236016769e-15
713 -3.17658358172e-16
714 1.63430481075e-15
715 -3.49974320241e-16
716 -1.03616995126e-15
717 6.9186783017e-16
718 1.28924935488e-17
719 -4.54782271303e-16
720 -4.17654511233e-16
721 -1.51410572136e-16
722 5.67762635315e-17
723 6.04561828875e-17
724 -4.47288790057e-17
725 -2.80665229478e-17
726 1.63844065238e-17
727 6.06020248321e-18
728 -1.07074617224e-17
729 4.68514233782e-18
730 7.46497655148e-18
731 5.98499392743e-18
732 -4.57865413229e-18
733 -1.94522254594e-18
734 1.25667718314e-18
735 3.34846863575e-19
736 -7.64681039351e-19
737 1.98969297628e-19
738 1.37415293359e-19
739 -1.9342350906e-19
740 1.37150459435e-19
741 5.44993341489e-20
742 -3.54808730026e-20
743 -4.91352111826e-21
744 1.78693738549e-20
745 -1.19238506949e-21
746 -8.33166423908e-21
747 -3.72871824961e-21
748 2.11266675239e-21
749 1.45260158247e-22
750 -8.16637743877e-22
751 4.87836426718e-22
752 4.84695004923e-24
753 -1.93948348076e-22
754 4.06485559553e-23
755 6.30434528634e-23
756 3.38165050306e-23
757 -1.95812822622e-23
758 -3.48289954853e-24
759 4.59407411688e-24
760 2.87086269084e-25
761 -1.70085402338e-24
762 8.48365022954e-25
763 -4.59073037037e-26
764 -1.96837318216e-25
765 -1.24195517904e-25
766 1.84384198368e-26
767 4.68616342875e-26
768 9.83730925109e-27
769 -7.94653304218e-27
770 -1.88690388098e-27
771 3.58719818093e-27
772 1.12599613183e-27
773 -2.31517814771e-28
774 -4.83539755888e-28
775 2.01460031899e-28
776 -1.11994759661e-29
777 -6.03027913579e-29
778 -1.95747725794e-29
779 8.76981922777e-30
780 2.16896051867e-30
781 -1.91244102733e-30
782 1.29405585985e-31
783 4.57704061217e-31
784 7.77280617717e-32
785 -7.50185470033e-32
786 -5.19165136222e-32
787 1.15258350661e-32
788 9.20660499239e-33
789 -2.78625260403e-33
790 -1.88145137017e-35
791 7.0549092445e-34
792 1.93834357979e-34
793 -1.48354445491e-34
794 -1.18006498326e-36
795 3.54947828232e-35
796 -1.69455525728e-36
797 -8.36957405726e-36
798 -1.47102669623e-36
799 8.74549995503e-37
800 2.82117545562e-37
801 -1.67828406077e-37
802 -9.07883840996e-38
803 1.34411091029e-38
804 2.4529243237e-38
805 -4.03654795354e-39
806 -2.99361940544e-39
807 3.85919511264e-40
808 8.04587166761e-40
809 -1.87174715822e-40
810 -1.16881351394e-40
811 -1.71338834704e-41
812 1.24693752905e-41
813 5.41084988808e-42
814 -2.74817621926e-42
815 -1.22751110649e-42
816 1.652022993e-43
817 2.35991473148e-43
818 4.82124467974e-44
819 -4.0999591832e-44
820 -4.74994175353e-45
821 6.67405109973e-45
822 9.91830485304e-46
823 -5.09748459325e-46
824 -3.40857196898e-46
825 1.2411045535e-46
826 3.91623220709e-47
827 -8.93861093215e-48
828 -4.64480052303e-48
829 2.47769297881e-48
830 -2.49973751104e-50
831 -3.32333937333e-49
832 3.54117899855e-50
833 3.67324252611e-50
834 -1.34362413222e-50
835 -7.53163781587e-51
836 -6.5784558146e-52
837 1.02843300206e-51
838 2.22812672664e-53
839 -1.406639826e-52
840 2.33311075174e-54
841 2.0387950406e-53
842 -1.66650783189e-54
843 -2.81960131553e-54
844 4.63722309523e-55
845 1.93436254773e-55
846 -1.01668446174e-55
847 8.92220193164e-57
848 1.4009691084e-56
849 1.50475053206e-57
850 -1.46915928008e-57
851 2.48419430232e-58
852 1.50501518166e-58
853 -2.19467614678e-59
854 -2.4929761149e-59
855 4.96577144221e-60
856 2.29790449431e-60
857 -5.9175857257e-61
858 -2.35176886235e-61
859 1.77113983981e-62
860 3.21993118069e-62
861 -4.27215880896e-63
862 -2.97755460312e-63
863 8.87502733166e-64
864 1.42338330848e-64
865 -8.80789333894e-65
866 -2.52435055883e-65
867 1.22683078735e-65
868 6.07366701087e-67
869 -1.1491211866e-66
870 -5.32109262514e-68
871 1.08486593243e-67
872 3.30551002512e-68
873 -9.68774884317e-69
874 -4.11044485868e-69
875 9.38892059842e-70
876 3.47889296748e-70
877 -6.33453979907e-71
878 -4.62691184373e-71
879 -2.34527969044e-72
880 3.71291508607e-72
881 -6.00442526565e-73
882 -3.81134228149e-73
883 8.63118359798e-74
884 1.99123545752e-74
885 -1.13135327525e-74
886 1.90434199769e-75
887 7.93400593597e-76
888 -2.43849327498e-76
889 -4.75863627981e-77
890 2.05746387257e-77
891 4.49921515928e-78
892 -2.13723455003e-78
893 -1.97816294999e-79
894 1.41402703218e-79
895 3.15471678108e-80
896 -1.2371729084e-80
897 -4.58589154813e-81
898 1.19498394561e-81
899 2.62629144951e-82
900 -6.42599854254e-83
901 -2.53187492441e-83
902 4.4720148445e-84
903 2.98829172528e-84
904 2.44271186098e-85
905 -2.36516317762e-85
906 -4.99070971394e-87
907 1.93792034378e-86
908 -3.30518878287e-87
909 -8.38989803996e-88
910 3.61077365728e-88
911 6.1841115354e-89
912 -2.76326653645e-89
913 -7.13233416584e-90
914 2.72888099072e-90
915 -2.26181223383e-91
916 -1.97095249032e-91
917 -9.84163511175e-94
918 1.60766887712e-92
919 -2.28702688907e-93
920 -4.80219204647e-94
921 2.7557989919e-94
922 8.37982869109e-96
923 -1.76578225485e-95
924 -4.29747713716e-96
925 7.32774656441e-97
926 3.71116861696e-97
927 -8.33956952552e-98
928 -1.79206307518e-98
929 6.58060843325e-99
930 3.73621251599e-100
931 -4.54740918925e-100
932 -1.25103668082e-101
933 3.12500440437e-101
934 -1.15000355776e-102
935 -2.14814450297e-102
936 3.38021479221e-103
937 7.23562999734e-104
938 -3.51137779754e-104
939 -1.83038663211e-105
940 2.68167427414e-105
941 3.0152568132e-106
942 -1.68086623128e-106
943 -1.55338476856e-107
944 9.31060016393e-108
945 6.72743736049e-109
946 -6.92451759475e-109
947 2.33772851904e-110
948 3.92366846177e-110
949 -3.01119648252e-111
950 -2.63172635043e-111
951 2.33474613594e-112
952 1.2439561693e-112
953 -3.80623372115e-113
954 -4.34654581575e-114
955 2.23449034341e-114
956 2.84241898277e-115
957 -1.60215709078e-115
958 -4.41538770835e-117
959 9.17320457049e-117
960 1.66295185985e-117
961 -3.75242718698e-118
962 -1.31808821214e-118
963 1.65814344705e-119
964 6.36812162217e-120
965 -1.22206574853e-120
966 -2.73253902957e-121
967 1.08619814848e-121
968 2.31085316516e-124
969 -6.54536938852e-123
970 1.53095176384e-124
971 3.30115974307e-124
972 -3.6555090271e-126
973 -1.57748750569e-125
974 1.30606512587e-126
975 9.98675649155e-127
976 -9.27972562476e-128
977 -3.41522322037e-128
978 8.82138167892e-129
979 1.55569881166e-129
980 -6.03929426446e-130
981 -3.5571937899e-131
982 3.38147612462e-131
983 2.39351184046e-132
984 -1.39465340779e-132
985 -2.28374610179e-133
986 8.66206765592e-134
987 9.61864672359e-135
988 -2.46385981282e-135
989 -6.01140339874e-136
990 1.09002378469e-136
991 4.47414081085e-137
992 -5.63632550044e-138
993 -2.16982142474e-138
994 3.01322333913e-139
995 5.65517187407e-140
996 -2.07345159803e-140
997 -1.91751853675e-141
998 1.06745842612e-141
999 2.10224102863e-143
1000 2.18991583847e-143
1001 -5.65836902952e-142
1002 8.00564245922e-142
1003 1.17575077456e-140
1004 1.27936463096e-140
1005 -2.51786418157e-139
1006 -2.78351479557e-139
1007 4.65132492941e-138
1008 1.06686857844e-137
1009 -7.38506303125e-137
1010 -3.21308351534e-136
1011 1.02944931953e-135
1012 4.47446981244e-135
1013 -2.53250085239e-134
1014 -1.4493295602e-133
1015 5.07006208206e-133
1016 2.2467840359e-132
1017 -1.25315481638e-131
1018 -4.73875261143e-132
1019 2.73946721312e-130
1020 -6.72409152224e-130
1021 -5.36561786813e-129
1022 1.57745615355e-128
1023 9.36320944671e-128
1024 -3.71230807857e-127
1025 -5.71024752189e-127
1026 9.49719792206e-126
1027 1.40952165069e-125
1028 -1.6621041602e-124
1029 -7.93979888669e-125
1030 2.93866502314e-123
1031 -2.65115281767e-124
1032 -5.9023380883e-122
1033 7.37416102794e-122
1034 1.13179993704e-120
1035 1.84347036802e-120
1036 -1.86561352855e-119
1037 -2.96637904581e-119
1038 3.39874399163e-118
1039 -5.69697000823e-119
1040 -5.53399747631e-117
1041 -4.59592483262e-117
1042 8.72165279666e-116
1043 2.67345718383e-115
1044 -7.50312423973e-115
1045 -6.26022258898e-114
1046 1.23733076571e-113
1047 8.49987277604e-113
1048 -3.60282461021e-112
1049 -1.34576916421e-111
1050 2.4929028099e-111
1051 2.35864929241e-110
1052 -7.56469906395e-110
1053 -3.2407582658e-109
1054 4.74183251445e-109
1055 5.91180123525e-108
1056 -8.80043173477e-108
1057 -1.08181925558e-106
1058 1.84481795823e-106
1059 2.15875313105e-105
1060 2.04090388559e-105
1061 -3.32630973083e-104
1062 -2.46726183236e-104
1063 4.9488324735e-103
1064 -5.42096753851e-103
1065 -5.64091729048e-102
1066 1.72109985911e-101
1067 1.12177263212e-100
1068 9.17985498542e-101
1069 -1.59037863053e-99
1070 1.11549082489e-101
1071 2.56510118855e-98
1072 -7.54654444399e-98
1073 -1.97510070235e-97
1074 8.95440269476e-97
1075 4.02169741224e-96
1076 -1.2882639627e-95
1077 -6.58964609138e-95
1078 7.45819753809e-95
1079 9.46288505532e-94
1080 -3.18403703396e-93
1081 -6.21078121585e-93
1082 5.60080270263e-92
1083 8.20245291769e-92
1084 -5.92199043172e-91
1085 -1.56688912604e-90
1086 6.8055786577e-90
1087 2.64376850679e-89
1088 -1.10282191839e-88
1089 -5.54634413206e-88
1090 8.07185220077e-88
1091 7.95251971164e-87
1092 -1.15999132106e-86
1093 -7.63909124343e-86
1094 1.99981261543e-85
1095 9.11201031169e-85
1096 -3.42825584129e-84
1097 -8.65215111137e-84
1098 3.85038049863e-83
1099 1.6196112143e-82
1100 -3.30255649604e-82
1101 -2.23543945126e-81
1102 5.00980707811e-81
1103 2.04954191845e-80
1104 -6.40847185553e-80
1105 -1.59875999546e-79
1106 9.32093504789e-79
1107 1.13079093307e-78
1108 -1.2019760348e-77
1109 -7.83437442445e-78
1110 1.41571947726e-76
1111 1.77255428226e-77
1112 -1.55937803961e-75
1113 -9.96496176905e-77
1114 1.56579064052e-74
1115 6.68699502782e-75
1116 -1.56036722133e-73
1117 -5.92881476478e-74
1118 1.81303865026e-72
1119 2.36723489049e-72
1120 -1.52533123011e-71
1121 -1.39798937737e-71
1122 2.07715725777e-70
1123 1.49237640244e-70
1124 -1.83834299966e-69
1125 -3.6609311996e-69
1126 1.54713077496e-68
1127 4.47585319763e-68
1128 -9.28633959218e-68
1129 -3.96966390167e-67
1130 5.77319642276e-67
1131 4.13228624487e-66
1132 -8.71193528541e-66
1133 -6.15661499706e-65
1134 -1.97103235117e-65
1135 5.76225647108e-64
1136 1.27440645166e-63
1137 -4.98730740718e-63
1138 -4.05798822905e-63
1139 4.61954185015e-62
1140 1.36455541264e-61
1141 -9.85199073491e-62
1142 -1.34304314043e-60
1143 4.83908257718e-61
1144 1.1783878648e-59
1145 -1.71968089996e-59
1146 -1.04495591627e-58
1147 -1.42301267636e-58
1148 1.13737555311e-57
1149 -2.17310396848e-57
1150 -5.60035390071e-57
1151 1.67032006467e-56
1152 3.12930283299e-56
1153 -1.9170855144e-55
1154 -2.7933161738e-56
1155 1.81086111286e-54
1156 -1.63776480757e-54
1157 -1.28708037831e-53
1158 -6.75787076784e-54
1159 1.10662435367e-52
1160 -1.92351427211e-52
1161 -9.2728294606e-52
1162 1.67242711127e-51
1163 6.47683683955e-51
1164 -8.2450017954e-51
1165 -3.30371063299e-50
1166 5.53743767476e-50
1167 4.098601908e-49
1168 5.95565900869e-50
1169 -2.56960490439e-48
1170 -5.28716232127e-48
1171 1.67888648359e-47
1172 2.81729075735e-47
1173 -1.029609823e-46
1174 3.82544705207e-48
1175 8.11789672848e-46
1176 7.98741337494e-46
1177 -4.08836808704e-45
1178 -1.51898325276e-44
1179 1.35016428375e-44
1180 7.98328101773e-44
1181 -1.61731811766e-43
1182 -3.70994609004e-43
1183 5.26473921939e-43
1184 3.56454712034e-42
1185 -1.47175295137e-42
1186 -2.09788640037e-41
1187 -1.60946889723e-41
1188 8.0215893439e-41
1189 8.96654521776e-41
1190 -8.30816292649e-40
1191 6.88066749747e-40
1192 3.93637340855e-39
1193 -1.09061042932e-38
1194 -5.35493956553e-39
1195 5.16387028449e-38
1196 -3.49495389831e-38
1197 -4.12980962397e-37
1198 -8.5064813809e-37
1199 3.03421699641e-36
1200 5.2483976633e-36
1201 -2.03531276859e-35
1202 -4.58646185834e-35
1203 2.82542855089e-35
1204 2.07751295302e-34
1205 -1.82996873186e-34
1206 -1.06315002664e-33
1207 4.13261155062e-33
1208 -1.95739434294e-33
1209 -1.78241674453e-32
1210 2.17024640633e-32
1211 6.38637124156e-32
1212 -1.98763268875e-32
1213 -3.5498335494e-31
1214 9.22797856389e-31
1215 -5.86081407901e-31
1216 -5.61991644235e-30
1217 -7.94077178194e-31
1218 2.09301313659e-29
1219 7.32035771661e-29
1220 -5.09737026482e-29
1221 -1.65883718184e-28
1222 1.7910793276e-28
1223 1.38446634049e-27
1224 5.78738844282e-28
1225 -4.02029335376e-27
1226 -1.01461674126e-27
1227 2.16388883426e-26
1228 -3.98820974364e-26
1229 -2.1481686972e-26
1230 1.46190157279e-25
1231 -9.60737933522e-26
1232 -5.50507313445e-25
1233 6.92248644738e-26
1234 1.70218191088e-24
1235 -1.73755173031e-24
1236 -5.28655703382e-24
1237 9.39557801809e-24
1238 1.13678723729e-23
1239 -3.70453377052e-23
1240 -3.60502584355e-23
1241 9.13136164643e-23
1242 1.05929441037e-22
1243 -2.15615726174e-22
1244 -3.79524440462e-22
1245 5.43190266132e-22
1246 3.09891194856e-22
1247 -1.37426220637e-21
1248 -1.00564625744e-21
1249 2.68663108116e-21
1250 9.20982525571e-21
1251 -1.06684378468e-20
1252 -3.16533113223e-20
1253 -1.63642613802e-20
1254 8.53823589177e-20
1255 7.33370379122e-20
1256 -9.81896748762e-20
1257 -1.45693284928e-19
1258 5.09992534214e-19
1259 -4.98323436663e-19
1260 -7.31843395665e-19
1261 1.85606040951e-18
1262 -2.15893640988e-18
1263 -3.96625014216e-18
1264 4.43114424755e-18
1265 1.52362877843e-18
1266 -5.67945902739e-18
1267 -1.86768505208e-17
1268 3.9316974617e-18
1269 4.08335384024e-17
1270 7.06915616677e-18
1271 -8.94741552637e-17
1272 -6.56206065233e-18
1273 1.39637083358e-16
1274 5.46428146826e-17
1275 -2.52518738673e-16
1276 1.58914023332e-17
1277 3.06018820609e-16
1278 -4.29419365137e-16
1279 1.13444160226e-16
1280 6.5832128313e-16
1281 -3.92328301164e-16
1282 -6.17162977535e-16
1283 8.42471228691e-16
1284 -3.97733053747e-16
1285 -1.61621551228e-15
1286 2.30413586796e-15
1287 7.1123841978e-15
1288 2.69824310302e-15
1289 -3.36680068338e-15
1290 -1.05657369913e-14
1291 1.5167062957e-14
1292 1.26296643892e-14
1293 -3.69831785452e-14
1294 -5.98080084835e-14
1295 1.45538034933e-13
1296 1.10134496799e-13
1297 8.9822012462e-14
1298 -9.62531515466e-14
1299 -6.18670933654e-14
1300 2.07675000174e-13
1301 -1.83516301084e-13
1302 -2.91744542143e-14
1303 1.93922063534e-13
1304 1.2408633853e-13
1305 -1.87422532191e-13
1306 -4.6586372369e-14
1307 3.59412305857e-13
1308 3.44049958167e-15
1309 -5.47479787103e-13
1310 -8.78307624157e-13
1311 2.11732413468e-12
1312 3.42795270006e-12
1313 -6.54488672103e-12
1314 -6.04794088577e-12
1315 1.87914390724e-11
1316 1.07476059999e-11
1317 -3.03167298603e-11
1318 8.14812528749e-12
1319 4.15485387101e-11
1320 3.79266543205e-11
1321 -4.549600648e-11
1322 5.40764229441e-11
1323 -2.26102509918e-12
1324 -4.18473737357e-11
1325 9.177406516e-11
1326 -1.60113730492e-10
1327 2.15556317278e-10
1328 -1.49139061458e-10
1329 -4.98135498123e-11
1330 2.70773007739e-10
1331 -1.33095361523e-10
1332 4.13681591331e-11
1333 1.26762177589e-10
1334 -1.41955440685e-10
1335 1.67454514363e-11
1336 2.64536757854e-10
1337 -5.53813647182e-10
1338 -1.3838992202e-10
1339 7.93379364011e-10
1340 -1.6811760746e-10
1341 -7.93427643276e-10
1342 -8.6005687968e-10
1343 1.4095174601e-09
1344 -2.49798699274e-09
1345 1.56857706973e-09
1346 6.95494644102e-10
1347 -1.55813980603e-09
1348 -8.41347346727e-10
1349 8.81524023203e-10
1350 5.23576998758e-10
1351 -1.40896679744e-09
1352 2.30606944603e-09
1353 1.21814673375e-09
1354 -6.64258331869e-10
1355 -2.47301114745e-09
1356 2.8729406647e-09
1357 1.11795519437e-09
1358 -4.99619554865e-09
1359 -1.54964052127e-09
1360 6.51686963631e-09
1361 1.23005127561e-08
1362 -2.74039028916e-09
1363 -1.13043522578e-08
1364 -2.01402204099e-09
1365 3.84024151113e-09
1366 2.06532520615e-09
1367 -6.35139000761e-09
1368 -3.01889953082e-09
1369 9.55059613016e-09
1370 -8.36102832244e-09
1371 -1.83921426372e-08
1372 -6.55151449592e-09
1373 5.21959009346e-09
1374 2.91346287875e-09
1375 4.63405940747e-09
1376 -9.08204356994e-09
1377 -3.20190390043e-08
1378 -4.87744081691e-08
1379 1.12494846191e-07
1380 -1.57887413318e-07
1381 5.63194991691e-09
1382 1.85466707279e-07
1383 8.91976882695e-08
1384 -1.24364037954e-07
1385 -1.15078173625e-07
1386 1.85395020564e-07
1387 3.59420552062e-08
1388 -2.66774749183e-07
1389 -2.80444774267e-07
1390 7.27889232973e-08
1391 2.48636123425e-07
1392 -1.25235558048e-07
1393 -3.77128162109e-07
1394 2.19470053153e-07
1395 2.80862423196e-07
1396 -6.73542180734e-08
1397 -2.22977238508e-07
1398 1.90836664756e-07
1399 5.35824209441e-07
1400 -7.72401837054e-07
1401 -6.41685151513e-07
1402 1.97624826271e-06
1403 8.62385418945e-07
1404 -5.42075487736e-07
1405 -1.99219597356e-07
1406 6.00258785659e-07
1407 8.6519361567e-07
1408 -2.82990269667e-06
1409 -2.36888186203e-06
1410 2.0086348825e-06
1411 8.70518801459e-09
1412 -6.67789125731e-06
1413 -1.12995216778e-05
1414 -9.46908185844e-06
1415 8.1142990032e-06
1416 3.76105252393e-05
1417 2.88197550363e-05
1418 -8.51245882187e-05
1419 -6.26749941311e-05
1420 0.000157467274838
1421 1.45935146763e-05
1422 -0.000117869095031
1423 -0.00019838107433
1424 0.000350279779999
1425 0.000512774451449
1426 -0.000558413144897
1427 0.000436576081156
1428 0.000455108341814
1429 -6.58252063155e-05
1430 -0.000303682528424
1431 -0.000572743081501
1432 0.000563569220376
1433 0.000429560837014
1434 -0.000763328964162
1435 0.00043300498311
1436 0.00115072981752
1437 -0.000860943933027
1438 -0.00206406844351
1439 -0.000985657582392
1440 0.00224265027368
1441 -0.000360875349201
1442 -0.00168389612791
1443 0.00305689755594
1444 -0.00220502375422
1445 -0.00490674539362
1446 -0.00298575487069
1447 0.00814162091935
1448 -0.00344821770923
1449 -0.0053068752298
1450 -0.00197610769384
1451 0.00060329809502
1452 -0.00246159046749
1453 0.00592721936038
1454 -0.00342617535508
1455 -0.00654048278831
1456 0.00805278750917
1457 0.00307372785076
1458 -0.000417978698578
1459 -0.00695519691952
1460 -0.00817861490004
1461 0.0212641184339
1462 -0.00517596962223
1463 -0.0500494957723
1464 0.0217746978843
1465 0.0204317900544
1466 -0.0146010730654
1467 -0.0701477559197
1468 -0.0190615870258
1469 0.129907454985
1470 -0.00117758012654
1471 -0.174508484864
1472 -0.301615789645
1473 0.234705108099
1474 -0.111547319458
1475 -0.0513725625735
1476 0.0449925685674
1477 0.0433250097242
1478 0.0221033718686
1479 -0.0195482026464
1480 -0.018681251812
1481 0.118031509814
1482 -0.0711237511884
1483 -0.157617126732
1484 0.114360116748
1485 0.168638145275
1486 -0.212785873716
1487 0.138117722618
1488 0.539683603491
1489 0.0350026488214
1490 -0.169173252605
1491 0.242189801463
1492 -0.439890772363
1493 0.349160416493
1494 -0.0339472128952
1495 0.774526943653
1496 1.14694436753
1497 0.289996952484
1498 1.07247533647
1499 2.02256650897
1500 2.23475056729
1501 -0.196186518982
1502 -0.562575371407
1503 -0.51374942712
1504 0.618501293949
1505 0.548008768931
1506 0.767859479085
1507 0.0806931915555
1508 0.755534392228
1509 0.803872825225
1510 1.14971745004
1511 0.900454669893
1512 0.618473324375
1513 -0.000180757733258
1514 -0.0620429080637
1515 -0.0369559001862
1516 -0.213421759266
1517 -0.0315662153015
1518 0.138561100936
1519 -0.0464834209387
1520 -0.110943610534
1521 0.0346000478044
1522 -0.0532341190317
1523 -0.0388715135685
1524 -0.0404177897944
1525 0.0268452369385
1526 0.0419130970073
1527 0.00989729907247
1528 -0.0681201577994
1529 -0.00767183803411
1530 0.0218336595405
1531 -0.039082210117
1532 0.0177748297317
1533 0.0578023293964
1534 -0.0339870518823
1535 0.00691976005774
1536 0.00128929207305
1537 0.000561464337044
1538 -0.00106677919472
1539 0.000130920327564
1540 -0.00502720436274
1541 0.0150184028742
1542 -0.0211054196204
1543 0.00709476501167
1544 0.0250910087334
1545 0.00618441668536
1546 -0.0184305525509
1547 -0.0161024311072
1548 -0.00307142950873
1549 0.0120007471012
1550 -0.00896804898956
1551 0.00177557727925
1552 0.00485570754364
1553 -0.00876965114479
1554 0.00729779532507
1555 -0.0038070823497
1556 -0.00435714172169
1557 -0.00017516740292
1558 0.0026965075101
1559 -0.00187730755232
1560 -0.00368155920208
1561 -0.00320689948079
1562 -0.00092249288109
1563 0.00388529206279
1564 0.00597363093107
1565 0.00684002453484
1566 0.00608578156031
1567 0.00411015563329
1568 -0.00146299146928
1569 -0.0023066485667
1570 -0.00250877077646
1571 0.00315821711929
1572 -0.000895058120285
1573 -0.00174433236811
1574 -0.00104405264186
1575 0.000337625626961
1576 0.000834620489318
1577 0.000450758421311
1578 -0.000473961369809
1579 -0.000464384251407
1580 -0.000145674653367
1581 0.000797710916045
1582 0.00104334165462
1583 -0.000323825235515
1584 -0.0012069057938
1585 0.00108380995915
1586 0.000791577153233
1587 -0.00099573228254
1588 -0.000532620805786
1589 0.00118341867128
1590 0.00155316456377
1591 -0.000839642941234
1592 -0.000647650190071
1593 0.00052035061066
1594 0.000254508382311
1595 -0.000129246506802
1596 -0.000287250708941
1597 -0.000244173662744
1598 2.81076807823e-06
1599 0.000261250662096
1600 0.000299653762427
1601 0.000217253041906
1602 -5.09028532501e-05
1603 -0.00011654083426
1604 -7.79185025869e-05
1605 2.0916383068e-05
1606 6.10094530548e-05
1607 -8.33793932437e-05
1608 3.92895001789e-05
1609 6.95618768109e-05
1610 3.70892766351e-05
1611 -1.7455683745e-05
1612 -4.27989198399e-05
1613 8.52045109552e-06
1614 4.9165781532e-05
1615 6.28234627992e-05
1616 3.22433438133e-05
1617 -1.43555845257e-05
1618 -1.52481432314e-05
1619 -6.52723363315e-06
1620 6.70901512719e-06
1621 4.72978167448e-06
1622 4.47716515093e-07
1623 -2.29184561776e-06
1624 -2.76672708407e-06
1625 1.5101241533e-06
1626 -3.57363639292e-07
1627 -6.10084392578e-07
1628 1.58785642861e-07
1629 1.9712371378e-07
1630 9.73205736839e-08
1631 -4.49037866376e-08
1632 -9.46137602474e-09
1633 2.17347123471e-08
1634 4.71325668508e-08
1635 3.58710922223e-08
1636 -8.20195556521e-08
1637 5.03500691607e-08
1638 1.09452570238e-07
1639 -6.97516832228e-09
1640 -1.40314583003e-07
1641 -9.56383223728e-08
1642 1.67353255807e-08
1643 1.27975547542e-07
1644 -2.81264341628e-07
1645 -5.60321646577e-07
1646 -3.33882329333e-07
1647 1.94446427787e-07
1648 -8.36236667393e-08
1649 -3.28864662752e-08
1650 5.26217175635e-08
1651 1.29404823681e-08
1652 -3.1468102669e-08
1653 -5.72675167758e-09
1654 3.46953277461e-08
1655 -3.7960506897e-08
1656 -2.2079067561e-08
1657 1.05524522852e-08
1658 -1.8837213255e-09
1659 -6.37775255233e-09
1660 -4.60219570689e-09
1661 8.78418136131e-09
1662 3.91737160707e-09
1663 -5.90142391018e-09
1664 2.21855890687e-09
1665 1.69159153337e-09
1666 -6.42859766174e-10
1667 -1.4506805476e-09
1668 1.90811071736e-09
1669 8.70002587452e-10
1670 -1.01023453404e-09
1671 1.51594691569e-09
1672 -8.85663849823e-10
1673 7.2633566228e-10
1674 -3.26314127854e-10
1675 -1.78193986799e-10
1676 8.50577142357e-11
1677 -2.97203317759e-11
1678 -3.05329545858e-11
1679 -6.26912104456e-12
1680 3.23933433137e-11
1681 1.33408356558e-11
1682 -1.13297094144e-11
1683 -9.10426383881e-12
1684 -1.53684931519e-12
1685 3.80825504062e-12
1686 -1.65167101352e-12
1687 -1.76388927284e-12
1688 1.64169606195e-12
1689 -3.02267272208e-14
1690 -5.90808695119e-13
1691 5.86013610476e-13
1692 3.14365340823e-13
1693 -4.74150441073e-13
1694 -7.87409606123e-13
1695 1.85777608216e-13
1696 5.92424583489e-13
1697 4.06463513895e-13
1698 -1.69767044314e-13
1699 -6.016287016e-14
1700 7.10591239682e-14
1701 -6.19297013272e-14
1702 -2.68981178848e-14
1703 1.1953198011e-14
1704 3.47487892002e-14
1705 -2.84633703959e-14
1706 -1.79666692033e-14
1707 -5.6247276715e-15
1708 6.12668497581e-15
1709 -4.36053004973e-15
1710 -3.68645763115e-15
1711 2.58442029475e-15
1712 -4.75085282258e-16
1713 -2.84084334666e-15
1714 1.34369881192e-15
1715 1.54919239733e-15
1716 -1.95233456614e-15
1717 6.1740455475e-16
1718 6.39358782099e-16
1719 3.02031812499e-16
1720 -1.33548961567e-16
1721 -3.16936942149e-16
1722 -2.68330944289e-16
1723 1.4679626246e-16
1724 1.08108617256e-16
1725 -8.10308288589e-17
1726 -6.36387707723e-17
1727 3.53457616948e-17
1728 -1.07559778911e-17
1729 -1.36984818807e-17
1730 -3.64752593856e-18
1731 3.29489108249e-18
1732 6.73743356508e-19
1733 -1.09745438417e-18
1734 -1.00346624344e-18
1735 1.10116668508e-18
1736 8.59084409517e-20
1737 -6.57250096056e-19
1738 3.67990430498e-19
1739 -1.13434753564e-19
1740 -1.9983136476e-20
1741 3.12093081836e-20
1742 2.50428707417e-20
1743 -2.58866526706e-20
1744 -9.65163319738e-21
1745 1.09197590897e-20
1746 2.7106265631e-21
1747 -1.73764280499e-21
1748 -1.85374478193e-21
1749 1.70690886954e-21
1750 -4.02651082327e-22
1751 -5.06265910293e-22
1752 3.30626674604e-22
1753 -2.64165239648e-23
1754 -1.41960113099e-22
1755 -2.46294620126e-23
1756 4.32728823292e-23
1757 -7.69716387141e-24
1758 -8.93536027985e-24
1759 -4.24190469666e-24
1760 3.19337495647e-24
1761 -6.36957213106e-25
1762 -7.29978833622e-25
1763 5.53008201079e-25
1764 1.64899428335e-25
1765 -4.25940825939e-26
1766 -7.18504198635e-26
1767 8.34216917942e-27
1768 2.14716325847e-26
1769 1.06925708074e-26
1770 -5.88472645179e-27
1771 -1.84044660364e-28
1772 1.57554369563e-27
1773 7.9480000653e-28
1774 -1.22727793505e-28
1775 -1.55551666069e-28
1776 9.48163466006e-29
1777 2.90372840883e-30
1778 -1.43189597421e-29
1779 -1.06913769187e-30
1780 4.68153829034e-30
1781 -6.05060280935e-31
1782 -1.113429434e-30
1783 -1.99858838225e-31
1784 2.69854911514e-31
1785 1.0535791543e-31
1786 1.04028829252e-32
1787 -1.54518460342e-32
1788 5.2498542799e-34
1789 2.54877593489e-33
1790 -1.43259839534e-33
1791 -1.37168512561e-34
1792 3.05807759833e-34
1793 -5.06757891843e-36
1794 -7.32012962576e-35
1795 -6.55739682147e-36
1796 1.66160198338e-35
1797 -7.80987327854e-37
1798 -3.49005145729e-36
1799 -1.32780632542e-36
1800 6.13864708708e-37
1801 2.23423040874e-37
1802 -1.03408126697e-37
1803 -5.22917700669e-38
1804 -2.51529070615e-39
1805 9.37152944956e-39
1806 -3.42345906604e-39
1807 -1.63559856354e-39
1808 6.39145971921e-44
1809 2.23586143892e-40
1810 -1.98252941077e-41
1811 -4.42237517902e-41
1812 -1.40731099049e-41
1813 6.21574956801e-42
1814 2.35667929592e-42
1815 -1.03190283295e-42
1816 -6.38695400451e-43
1817 -6.74682139051e-44
1818 9.65299287874e-44
1819 -1.48022561039e-45
1820 -1.63682307803e-44
1821 1.20520746968e-45
1822 2.29444419556e-45
1823 7.24828633459e-46
1824 -1.87435875432e-46
1825 -5.46341192116e-47
1826 2.41600744106e-47
1827 1.70520890613e-47
1828 -6.00755567311e-48
1829 -5.95431880124e-50
1830 1.03349625483e-48
1831 -1.73423855609e-49
1832 -1.48065770908e-49
1833 3.64811386569e-50
1834 1.60355898602e-50
1835 -2.10859271511e-51
1836 -2.59840459226e-51
1837 -7.90544291511e-53
1838 4.06059556827e-52
1839 5.88607212536e-53
1840 -5.32232344126e-53
1841 -2.32720230343e-54
1842 7.20144770312e-54
1843 -2.22705107595e-55
1844 -9.03800510524e-55
1845 2.94836096891e-55
1846 -1.11338336506e-56
1847 -3.69571322518e-56
1848 6.91063051127e-58
1849 4.87585156228e-57
1850 -4.73284281285e-58
1851 -5.06935167742e-58
1852 1.35305252709e-58
1853 6.41207357434e-59
1854 -2.36699318453e-60
1855 -5.25683901032e-60
1856 9.12961414839e-61
1857 5.38361430873e-61
1858 -1.52447606716e-61
1859 -9.11788710009e-62
1860 -3.99448300771e-63
1861 8.39537294387e-63
1862 -1.69772891659e-63
1863 -4.33143622015e-64
1864 3.15515904535e-64
1865 7.40175125853e-65
1866 -3.14353963331e-65
1867 -3.56059971341e-66
1868 4.36288117314e-66
1869 7.63438869347e-67
1870 -4.24910715626e-67
1871 -7.28668401862e-68
1872 2.53667422083e-68
1873 1.02081915223e-68
1874 -1.66347907343e-69
1875 -1.0055934929e-69
1876 2.98434965298e-70
1877 1.31803919673e-70
1878 -1.32044560625e-71
1879 -1.45173363423e-71
1880 1.60504290868e-72
1881 1.16468788197e-72
1882 -1.89644097969e-73
1883 -1.03807724854e-73
1884 3.64336853668e-74
1885 -1.07446059044e-75
1886 -2.31288082903e-75
1887 5.75357411762e-76
1888 8.85773623523e-77
1889 -6.19831528864e-77
1890 -1.31764098473e-77
1891 6.3825879945e-78
1892 2.66601793805e-79
1893 -6.40389373718e-79
1894 -1.25891037407e-79
1895 4.86531638632e-80
1896 1.2406918959e-80
1897 -2.6064048034e-81
1898 -8.08238653466e-82
1899 3.58698883311e-82
1900 1.07159070719e-82
1901 -2.66832172665e-83
1902 -9.40856353919e-84
1903 3.64781915799e-85
1904 7.8367120395e-85
1905 6.42428664344e-86
1906 -7.19162800471e-86
1907 5.65726345101e-87
1908 4.62963644088e-87
1909 -1.30752566927e-87
1910 -2.75873774208e-88
1911 1.16093427896e-88
1912 2.47505482342e-89
1913 -8.35058239065e-90
1914 -4.46832553458e-91
1915 6.66528846392e-91
1916 -4.31240256764e-92
1917 -5.61769393269e-92
1918 1.67633371182e-93
1919 3.47049314663e-93
1920 -9.19575854907e-94
1921 -5.19749229491e-95
1922 7.93356596893e-95
1923 1.05668577201e-95
1924 -3.0904238922e-96
1925 -1.27188958336e-96
1926 1.86447570624e-97
1927 5.54085848415e-98
1928 -2.0942047657e-98
1929 -3.49927923803e-99
1930 1.95509625407e-99
1931 -1.54576126358e-100
1932 -1.19019915051e-100
1933 4.54775890664e-102
1934 8.5197048313e-102
1935 -7.71529976727e-103
1936 -5.02320677408e-103
1937 1.26733153155e-103
1938 1.76284610573e-104
1939 -9.91643547295e-105
1940 -3.19671579104e-106
1941 6.13514251836e-106
1942 1.08738762886e-107
1943 -3.95250344921e-107
1944 -5.94605514909e-108
1945 2.68403350865e-108
1946 -3.37640247789e-110
1947 -1.80342890805e-109
1948 2.08624973181e-110
1949 1.08660134545e-110
1950 -1.17928123726e-111
1951 -7.11767389203e-112
1952 1.22599725368e-112
1953 1.39534239312e-113
1954 -9.38700948451e-114
1955 -1.37188719465e-114
1956 6.00279869366e-115
1957 4.27597616355e-116
1958 -4.14211748492e-116
1959 -4.12174070305e-117
1960 1.69154100283e-117
1961 4.60897208244e-118
1962 -5.19406978999e-119
1963 -3.10439445742e-119
1964 5.64545324333e-120
1965 1.72332191458e-120
1966 -4.0538443298e-121
1967 -5.22914594756e-122
1968 2.68217204375e-122
1969 5.42636172028e-124
1970 -1.58318596849e-123
1971 1.60006220713e-124
1972 8.28143352033e-125
1973 -8.75184689395e-126
1974 -4.0982726576e-126
1975 -1.79772380862e-129
1976 1.98709200164e-127
1977 -3.53927352017e-128
1978 -7.80019120305e-129
1979 2.34224179556e-129
1980 1.031694405e-130
1981 -1.41052896696e-130
1982 -1.18293638903e-132
1983 7.34807776067e-132
1984 1.02337598462e-132
1985 -3.40908582604e-133
1986 -1.28171736187e-134
1987 1.66252493691e-134
1988 3.3134364596e-135
1989 -7.22021085715e-136
1990 -1.76750816961e-136
1991 1.26275712629e-137
1992 8.58637715314e-138
1993 -8.09959120399e-139
1994 -4.21945079541e-139
1995 9.34733262076e-140
1996 1.40325176682e-140
1997 -5.21386446068e-141
1998 -6.51942146274e-142
1999 2.66233720038e-142
