0.400080859063
0.0548574590954
0.631454781206
0.95392745063
0.273048233119
0.749133592379
0.608372534356
0.687565072627
0.698894459019
0.699224897233
0.610988647071
0.0176627848417
0.795823252503
0.740315435641
0.230140756023
0.481727506373
0.113739509468
0.0419307819299
0.109360834278
0.143353390814
0.839625159404
0.0319008966308
0.653210077283
0.0846674990413
0.0158286365298
0.0896070028784
0.94677065924
0.529976128922
0.251872119428
0.822656236747
0.0331766837062
0.657071378169
0.0337222613837
0.788866534737
0.900523706598
0.455127004872
0.553922620786
0.137768197658
0.402661736013
0.955884746668
0.323599064753
0.849322048275
0.691106335659
0.940907862218
0.539490061831
0.444028821759
0.306194981673
0.18830710341
0.734023101533
0.87002306679
0.243023991917
0.374944124498
0.497098307953
0.988469062895
0.0283223289245
0.954433032925
0.103054750756
0.811129554084
0.758748936835
0.828860511156
0.275307607168
0.675127848882
0.217330462393
0.302052724689
0.00093411593481
0.59705818706
0.876779259217
0.959367150525
0.747308113227
0.0773106428533
0.0639164398042
0.141075243291
0.206382344079
0.96611074358
0.255529638769
0.724534431311
0.472258999681
0.880149238859
0.00434448323474
0.463238759049
0.0662528338884
0.598592597599
0.397650609097
0.938844639846
0.218083034256
0.970901463798
0.106709630228
0.783217433743
0.664538253834
0.604225116916
0.815059172877
0.181321312189
0.178323277877
0.597921779313
0.407463533709
0.284177292953
0.519225887999
0.467107240843
0.9493612092
0.414797522909
0.939057241954
0.0413401116357
0.383209735743
0.445967976777
0.296845757178
0.346549718211
0.460125937159
0.0344430538695
0.761657070449
0.103225819562
0.738329856847
0.499366074996
0.50932597709
0.743674395166
0.370521361302
0.771048977989
0.218275898902
0.405769260177
0.807419224576
0.726699613899
0.156686294156
0.201963972187
0.7481615512
0.778998361017
0.562706294326
0.556431862005
0.63020022396
0.669448690672
0.301780621248
0.879854687447
0.0148223742903
0.876308259499
0.57189010423
0.843410930891
0.90174607062
0.622148623494
0.38319183782
0.255276175094
0.613682151114
0.920766473991
0.842502015712
0.399061402614
0.664349139724
0.554621291144
0.171769169993
0.700583912348
0.965228437093
0.0119276520145
0.129208170347
0.280453688483
0.663604640135
0.130970940677
0.555712159181
0.144942508689
0.191796281417
0.474997877671
0.507350102556
0.845453044142
0.220573455886
0.214108233555
0.828349612396
0.175432088224
0.618806123931
0.480397631468
0.233769473455
0.763056850914
0.95649910383
0.464361960027
0.479088915211
0.977725203668
0.435215929594
0.534121802651
0.456786539831
0.110048725718
0.708562787998
0.526732548783
0.692397781888
0.951313807608
0.460280784768
0.489981026298
0.217717087057
0.484344828116
0.701778698048
0.968105745497
0.314900474325
0.753279209633
0.549513262989
0.886665242022
0.0993050661642
0.244665826319
0.309939651605
0.462066560376
0.0216241273628
0.296889544779
0.655464395769
0.0435087586894
0.992820443594
0.715630522178
0.0250309670438
0.778041278838
0.0674738933954
0.982677122157
0.785793167388
0.212783168174
0.731172138317
0.226653963479
0.0190390073342
0.313376580226
0.721742492357
0.137457437646
0.316796642268
0.85628071728
0.0208393807126
0.400637994163
0.0344569827531
0.734556925087
0.413913512543
0.914935408519
0.983765335245
0.382921503371
0.1084486193
0.853416271051
0.842245666591
0.51942165737
0.781007121151
0.19772495567
0.140139201703
0.218823664503
0.307791311961
0.440562528226
0.243661641884
0.664361247238
0.466160530457
0.72154946434
0.122320633483
0.350097681206
0.344699206387
0.457386633705
0.266363059752
0.649090376269
0.505073141533
0.592612919326
0.523981374938
0.658638729681
0.452261639404
0.286435422185
0.705958666299
0.371316312874
0.916898285189
0.638192602045
0.334907757045
0.762553529423
0.699959835073
0.130265764327
0.769992134343
0.836932452956
0.306709570975
0.268975798492
0.212661623532
0.401453575572
0.190205386358
0.0992792724119
0.602480424665
0.372168907521
0.235227516028
0.9708080157
0.822443323318
0.439517123591
0.940916892219
0.379004434416
0.171049139688
0.567648167499
0.591212444166
0.598554853983
0.274736046156
0.489402786751
0.206843446036
0.271639152999
0.271674347114
0.763550927245
0.346166676892
0.375304700342
0.264599239769
0.106441688274
0.794477836705
0.0794829262737
0.934407000248
0.539355523955
0.84655839109
0.761050397802
0.0813093389792
0.312067960206
0.106014383999
0.745379779403
0.00158215704818
0.53414899025
0.987197018465
0.504922651868
0.364932270317
0.0307482284217
0.154702092149
0.171555377877
0.806469192964
0.471988048759
0.625285676113
0.229146658695
0.531474739236
0.382747573974
0.0652804481934
0.989313498663
0.184338557545
0.90911100449
0.288217538416
0.703904089897
0.0897418114859
0.657864052251
0.313188409437
0.424094432232
0.969047042022
0.84724542086
0.466480980434
0.0930843814929
0.495290979475
0.459209674563
0.220640532237
0.183536593021
0.198547920047
0.279836577219
0.333182561779
0.058362436712
0.474072722208
0.0974645193865
0.819262681052
0.627051075781
0.326412927722
0.506852030103
0.0948391496784
0.496125374372
0.136162402165
0.474757803569
0.757910578326
0.92966063135
0.370446368702
0.0163550037936
0.352279986623
0.400152430804
0.648870113725
0.719227620671
0.954270506582
0.441994902767
0.59134444829
0.0396920021738
0.473639147315
0.859046186218
0.998073554352
0.312938663673
0.429868416153
0.0699245293484
0.589607934184
0.189239072143
0.9598029589
0.579956493592
0.762191499528
0.656916427496
0.736733960672
0.896144233077
0.333162173986
0.827170790213
0.814346175555
0.225898455794
0.684483870541
0.648734858893
0.830726707001
0.357509263178
0.498924772674
0.505242725224
0.985910135274
0.903335886454
0.122316953747
0.053323336725
0.308798863887
0.43937237178
0.674861210125
0.803972842132
0.578215395301
0.517325704678
0.459324599961
0.320529348532
0.845367507793
0.826382255343
0.29857359106
0.630608890253
0.647052920944
0.519660951962
0.41599249702
0.689298805852
0.372044477552
0.387045650118
0.963375489232
0.273280550463
0.579576740722
0.0890045385363
0.582911426722
0.978978989178
0.25626112716
0.669962985158
0.912288127805
0.0919918642984
0.800404976831
0.859062453887
0.0380202393735
0.997920597147
0.519052581819
0.910439090246
0.926964871483
0.765451219324
0.661942466337
0.100117824718
0.57974627546
0.141614862535
0.386042440851
0.636326741055
0.875540166176
0.131837171744
0.675476580708
0.323326889301
0.0262193079043
0.450144681983
0.619057223044
0.491240470735
0.904865926002
0.200782993336
0.189630049205
0.483992791913
0.0626592434627
0.223057671439
0.49366290673
0.566763334201
0.727999652097
0.558315199975
0.351381614905
0.0794903934306
0.0900382122493
0.176389884958
0.745175608879
0.750679750371
0.156229615232
0.257825131305
0.238299078531
0.820878245688
0.703100577445
0.711985766958
0.276861617686
0.360966473698
0.632140807514
0.241540993047
0.325412841954
0.878805716441
0.150224388863
0.943447081166
0.632857036958
0.333988239162
0.445776162578
0.627618956725
0.184509099917
0.92207348619
0.834965314986
0.597416011006
0.213054569934
0.557068134089
0.800945030359
0.97999290123
0.519774856579
0.160866977063
0.283266893452
0.711624688378
0.791169201612
0.826587965304
0.689696703218
0.941325968182
0.0819292548368
0.691842000242
0.656319937447
0.264185544495
0.628813984987
0.612942353211
0.0514627277672
0.18168971726
0.802517051871
0.905049753396
0.870472585332
0.773105671668
0.247834965502
0.634123291413
0.269150287852
0.263724139117
0.260155962227
0.790603204006
0.0839513193267
0.11874807282
0.0246805340699
0.848933174689
0.893997863936
0.56598416508
0.641124443948
0.893244129458
0.685695119313
0.931298987288
0.611161076247
0.238236590365
0.0897639307405
0.806370113264
0.841942115424
0.493623725789
0.0386977823556
0.770952410789
0.798040898615
0.024993116333
0.937125358415
0.389800944433
0.969289987469
0.116933644725
0.601363766996
0.783446067002
0.135334664492
0.487531431901
0.98768428143
0.498586632191
0.808992304125
0.862212090893
0.833429208629
0.782690625408
0.637974297708
0.864602858441
0.467174903299
0.37610827389
0.253776253139
0.490433444837
0.932711076786
0.356225202293
0.00889304112568
0.168546748238
0.291670333283
0.602755569978
0.669118805969
0.851492036109
0.65944784753
0.865737225253
0.833031486283
0.288693916005
0.17342535053
0.100338960763
0.124315879961
0.173458416213
0.116972947769
0.428878194595
0.750056206053
0.408740374402
0.267587058814
0.808462661221
0.916980067688
0.882772097199
0.138299886325
0.784059016651
0.889343828665
0.878142278719
0.890649108001
0.727708360972
0.129197543103
0.882429642336
0.373707989893
0.183968050773
0.0419490109786
0.748823456383
0.827778742031
0.26603956723
0.754937438279
0.762225240592
0.503934065403
0.881049977081
0.0867736985421
0.867582876343
0.70396766777
0.7271501296
0.434595658132
0.504868106965
0.61487848569
0.543178581024
0.496829147626
0.824159322476
0.659233735212
0.338140673188
0.726887226805
0.419769574506
0.989356915717
0.677933107151
0.935132133796
0.905691340823
0.925019289906
0.878530348004
0.99367192138
0.882362734895
0.100605242497
0.870788425989
0.900351528479
0.386335925119
0.333221594563
0.28386149946
0.491237564953
0.854832907588
0.931464596368
0.648207687095
0.621423453515
0.742444879311
0.923284112941
0.882199662296
0.930625983927
0.26923429916
0.884734882581
0.831121238641
0.505622287132
0.867930787713
0.857036160796
0.940397019842
0.658341369638
0.145998860978
0.2115836197
0.71932162092
0.11475415677
0.886034394204
0.812115271627
0.116541304966
0.227041063988
0.709733462357
0.650616740049
0.343726082023
0.211081249953
0.532302730993
0.593818075069
0.930468953887
0.636877636705
0.866368815536
0.328171761448
0.111111175929
0.958791171281
0.858427552406
0.860130947349
0.0478548996646
0.103388370687
0.802354247673
0.504910456108
0.91609049129
0.597905118298
0.293461748504
0.306939920651
0.562714769456
0.94510002303
0.0854202074988
0.20730007246
0.871982841636
0.44011435151
0.580512221201
0.766475926372
0.343188340871
0.143872953783
0.810290162865
0.592886801793
0.355735331051
0.524921153749
0.833501980184
0.0201267779006
0.313598741837
0.00148191186091
0.226521753333
0.230278399327
0.981230441733
0.0431545923539
0.228127242536
0.920544630202
0.297635480809
0.620193122061
0.907915431003
0.51482852768
0.832191741519
0.862161993313
0.324714307478
0.642223072439
0.485764585476
0.596638417079
0.103830141348
0.223682528123
0.651724203511
0.473248775185
0.948325073477
0.689386838827
0.507157235303
0.822182756095
0.784240516392
0.0389355313476
0.905609918803
0.112195819127
0.375843363193
0.986929585197
0.750338471603
0.386069564614
0.367241357851
0.965445450918
0.980468373253
0.0866058399404
0.382765771175
0.580229677746
0.101464785024
0.926804527872
0.49278800203
0.389368905933
0.450989286105
0.317794787562
0.107007160597
0.911054758965
0.832632005214
0.879556899273
0.919009184241
0.693738014662
0.324764654302
0.664130328349
0.455105218242
0.706112063909
0.048898798344
0.173607529936
0.768565304468
0.977432805555
0.599053516592
0.354332614518
0.897491365137
0.359183067236
0.392805654687
0.397823700531
0.328453134159
0.0915944398683
0.0861981658163
0.314889661537
0.905263982096
0.327384127276
0.427219175684
0.56427710898
0.359167330687
0.756531666135
0.864971188319
0.306266844993
0.229693083038
0.240012477919
0.359204986661
0.139340653961
0.449314868396
0.560475231366
0.927067911608
0.547622973327
0.0541118962897
0.972094275289
0.605453038515
0.183365774831
0.276776050616
0.257285340937
0.259249981437
0.985726657044
0.805585372064
0.589412913153
0.64198173434
0.898583063476
0.692990134614
0.195241976893
0.506534375106
0.862649076234
0.915194895857
0.486096803837
0.179969043076
0.105921324795
0.690098298754
0.967989287524
0.0920265250208
0.61676103682
0.141449412651
0.690096869349
0.81558725142
0.563481898598
0.964979895823
0.933668678467
0.108419209135
0.773367290957
0.0648816650868
0.136161747998
0.686755492534
0.6778093409
0.21530464608
0.598767912991
0.605801395586
0.402893189502
0.6102516161
0.874813088891
0.832282946543
0.292631090121
0.819323928286
0.506908904739
0.955814621488
0.698569355196
0.215706441455
0.367720928503
0.978178665831
0.620889320062
0.165080343465
0.919716461005
0.925355023598
0.836641153586
0.486885394865
0.57493044654
0.697304367308
0.872126878212
0.925146789619
0.624721979421
0.281318625983
0.709716811672
0.334744712672
0.986933434049
0.947207589828
0.57734343777
0.17740329857
0.992233218461
0.568359724761
0.25378972245
0.105601268332
0.495838260924
0.283501600371
0.67009091883
0.188574668967
0.653229824377
0.881824076112
0.912274505635
0.452184277717
0.582058074549
0.752285676312
0.274787631998
0.637139385235
0.346106409441
0.627136307502
0.253032862346
0.160653643186
0.000108424956704
0.491277099299
0.717577351494
0.753158199292
0.0728386493735
0.437255434287
0.400848615122
0.873543918272
0.674073972926
0.0579996015336
0.795221424132
0.241851489987
0.772110072863
0.869586339334
0.743156535264
0.0738483199457
0.487076356182
0.0670682463083
0.559263871924
0.761505987371
0.512977973684
0.2427797377
0.487030220333
0.870233000902
0.232677014129
0.952663181106
0.801056836369
0.510458129069
0.823019090932
0.273914584293
0.611313431523
0.776056195163
0.721209672045
0.871954075519
0.0657483993972
0.508775583214
0.552970436775
0.350069322585
0.22087927777
0.00805706909066
0.0293157339133
0.56540463866
0.0471950646899
0.798469225942
0.490001538051
0.557088652483
0.140343855733
0.723236386326
0.910637203476
0.446509236464
0.748501088457
0.744891313642
0.152261823382
0.612045358053
0.881396123134
0.352533108985
0.896158530956
0.858623804936
0.932030943905
0.51260293778
0.36760994811
0.22418588106
0.237483618753
0.220317115179
0.612675234327
0.4304854548
0.764336767039
0.502102964002
0.00887888470524
0.0979507358355
0.665274863657
0.751221401262
0.417590669015
0.0729399433572
0.0439360814021
0.274392209579
0.504301016278
0.982699847635
0.943424089942
0.645734847215
0.571914693296
0.0440238935752
0.645606012018
0.329085560471
0.242564717293
0.0617627828564
0.952804935219
0.31483815098
0.543555155802
0.334219310124
0.289037973492
0.0815861871066
0.477747081792
0.268417184161
0.505495750782
0.849358064874
0.175385289344
0.859707472801
0.710832772747
0.209886315436
0.249061861903
0.445762011352
0.196007390719
0.747002337393
0.402425476475
0.617381967468
0.0399662410436
0.0858309035239
0.628712712237
0.649466623256
0.422890298949
0.350057131911
0.405298844466
0.883013249491
0.916530601463
0.670051328598
0.853522293032
0.412755212933
0.307968660042
0.630775079975
0.15083636528
0.371183332824
0.0654541744949
0.604638108845
0.335425108702
0.183889352916
0.953395644055
0.0374293876553
0.762650858497
0.845170998825
0.0348958559116
0.135605977633
0.483771150186
0.371233780553
0.0757056000583
0.605823025209
0.324993141806
0.856105271019
0.883929532626
0.46908121817
0.0534386573615
0.978211691585
0.984802764964
0.296607776863
0.913272945579
0.828184178281
0.209730328367
0.769932093605
0.226884600567
0.0704880952354
0.579145539957
0.276554917699
0.728845476121
0.00579853246645
