0.907435456458
0.682899441103
0.761058132374
0.44231207065
0.547059503815
0.468652055958
0.177493995774
0.35181889115
0.276785498661
0.369741167968
0.242288284638
0.394741043263
0.72155109465
0.107375256464
0.672542865023
0.808156050778
0.769692367712
0.322147023851
0.845096879473
0.868864303086
0.353251552926
0.263042891988
0.916535220627
0.472515257011
0.944753069681
0.41545729698
0.716405160849
0.449535589611
0.621668068638
0.60303637402
0.518704629628
0.35773386903
0.452304274604
0.674041809667
0.602662626345
0.524164193857
0.839802044998
0.605597331213
0.815847435906
0.42675238782
0.0460953783134
0.234826355074
0.889695493691
0.62558870263
0.346011145619
0.398659290983
0.317261922216
0.546719722007
0.395915629517
0.497748788688
0.887770005815
0.327473215994
0.510930580978
0.0572140814277
0.0298922999887
0.709804632769
0.660994698794
0.398721344992
0.723037884952
0.890278472041
0.103730757965
0.517245434907
0.231075447676
0.121450313578
0.903774858025
0.670766833726
0.502963294122
0.852258241633
0.760876423552
0.604570346996
0.941639161615
0.788133503155
0.751982327725
0.9143464692
0.353692809427
0.399573453972
0.21841082649
0.100402481403
0.288630440804
0.511568586315
0.601016209171
0.568899263541
0.324011839238
0.564957714045
0.613707402214
0.215747749384
0.390120147069
0.487256242038
0.699205705819
0.989239864148
0.754670800418
0.625519831886
0.831383130558
0.895930837637
0.462290337631
0.0910324124301
0.624461502007
0.533426539528
0.775807080336
0.585001996694
0.663246020468
0.0705894685992
0.762918078722
0.120929596205
0.843073125682
0.0224211885644
0.912727639351
0.547439440126
0.198169001142
0.465007670295
0.105181192285
0.289768397459
0.157518806524
0.471005126102
0.24540381503
0.187265564064
0.0807460101511
0.324909055195
0.0633386957072
0.943004644061
0.140602844826
0.659265664624
0.505044091198
0.0388494395746
0.341366488448
0.45688771769
0.239992570883
0.824005784301
0.860183789343
0.0999758384916
0.398887211698
0.359271264308
0.969043630335
0.717926966682
0.344238006645
0.172788001572
0.0135537484533
0.525493830362
0.0785671219992
0.197475953952
0.652738933041
0.593694156769
0.305535138805
0.320417485335
0.896868677059
0.867986193794
0.38426785131
0.689351693016
0.391318221583
0.83916633328
0.773158085158
0.412660289034
0.667412298459
0.461510268753
0.12102675702
0.364853828152
0.249828006676
0.722051215716
0.457965312628
0.047425885199
0.588653809085
0.440648129172
0.777577940863
0.316773093383
0.550307340469
0.0799915614322
0.308095019436
0.534329808633
0.81901937626
0.886119201791
0.107844302229
0.059224286492
0.179566089526
0.161762043318
0.0195826105472
0.0601572873947
0.744696222487
0.0518970143855
0.767829752553
0.138528829263
0.732307783146
0.355744056774
0.378020680026
0.82683884907
0.0185536757066
0.488724801588
0.992326263445
0.672757356386
0.526208310875
0.426945860634
0.10076886645
0.615371694817
0.0318763155457
0.0835508916841
0.0352338247526
0.191917089423
0.820870870429
0.0556973220055
0.283389711038
0.0662116528676
0.936329542929
0.447279918482
0.621920504298
0.881187459362
0.857207799011
0.289240107057
0.750501473343
0.0301987411383
0.229506512807
0.438184175804
0.946667495686
0.263864877908
0.499791785126
0.753514555204
0.556141119305
0.577421549248
0.757575090747
0.529398453507
0.780993704681
0.713882357952
0.957367102189
0.804046690327
0.169833374071
0.585226633624
0.296465150114
0.834893150143
0.562351392677
0.644781713812
0.764307311412
0.183977834528
0.675805098498
0.434550879197
0.531322945113
0.018143461364
0.58944611643
0.352535964402
0.442161339495
0.945514007198
0.34550649027
0.15786260109
0.236606348455
0.75020568817
0.837433214515
0.701022440434
0.00828901510501
0.47209524206
0.840695369514
0.674593327812
0.686731463263
0.338802197371
0.176819253588
0.249288200283
0.0750200072331
0.110885918686
0.517713567512
0.262632585289
0.786235917253
0.485690238905
0.977462218453
0.0717793352579
0.0591044598931
0.876600377385
0.883625876834
0.860849273978
0.301699318386
0.358593001529
0.914481485121
0.560169637432
0.441532006317
0.685533655334
0.784854648848
0.296533821692
0.854519861714
0.655377790251
0.0970032925374
0.785781093827
0.662713073145
0.486423487251
0.999190715561
0.883771058579
0.62596135074
0.0242301245576
0.669920230199
0.0600877487768
0.429012652462
0.648986363408
0.497962054824
0.561392191767
0.990034483592
0.717953362179
0.614889193703
0.323816827517
0.971694913656
0.595325554911
0.281084478744
0.489967879835
0.431178034178
0.83114898851
0.681916321709
0.446543218423
0.779366319942
0.545591250087
0.0568731420118
0.991968727155
0.508643275756
0.144313921117
0.558407551054
0.79984927499
0.522199188226
0.45642850053
0.891691975424
0.195254709387
0.737487099277
0.819148014392
0.424001635708
0.10625582109
0.427324696081
0.422191371417
0.589210605778
0.704829645496
0.962331616409
0.400421576243
0.056862674017
0.561141133668
0.877859682865
0.172838649143
0.435108777524
0.797669346092
0.47069645265
0.121080311058
0.0141779976693
0.248727771909
0.334084472448
0.547967917946
0.201904437569
0.952500119093
0.890994002182
0.120678584197
0.346978827745
0.284625076316
0.617240364259
0.885740439562
0.909651016566
0.611166104716
0.173827134522
0.570508234887
0.809826984989
0.31164506603
0.931698205069
0.150730186621
0.668282879321
0.0688722092601
0.0299007490703
0.995322077393
0.846396530179
0.50469953952
0.749561567499
0.340852436483
0.979022893706
0.536087329068
0.0524885485678
0.451618713319
0.816186236379
0.119152776118
0.495667180725
0.193858972945
0.204823035891
0.515106026653
0.114486137295
0.684360221319
0.511735807131
0.177559289791
0.990580142039
0.958599703062
0.90865344908
0.309368631754
0.105120543422
0.498913432578
0.44389328732
0.0366691674099
0.0913156577337
0.889290106189
0.392336294901
0.12117560399
0.143343224034
0.701125431434
0.091456263736
0.0786768368665
0.420361849758
0.581869702727
0.714130197215
0.903793524691
0.617584279079
0.922264913295
0.971569003102
0.385060030457
0.323962040646
0.399326048438
0.185959763529
0.394424365809
0.476507852914
0.597489919541
0.32635251069
0.635709624679
0.447137428628
0.703640907554
0.600179556074
0.295417592494
0.538739042743
0.656058747145
0.824876911843
0.591305237368
0.380891144177
0.900811730415
0.883770671371
0.978121972129
0.401858490506
0.788366908891
0.124367491231
0.970504259359
0.684318691259
0.621254220365
0.141999345006
0.390024668069
0.675371924805
0.596165086799
0.835055783221
0.804497400252
0.87748891648
0.428271208749
0.825001610668
0.549348497748
0.943442249501
0.526052686224
0.985166336023
0.446270171913
0.618004021972
0.569351735825
0.261034635271
0.591471437132
0.547764527057
0.237527981354
0.349921367999
0.807112597384
0.394100658386
0.629923052646
0.855504681505
0.70743768427
0.398622031856
0.712782773003
0.275263127423
0.259935206766
0.359965788879
0.842686167578
0.873895567425
0.997592557236
0.0326242567372
0.126223338187
0.246265247224
0.354403090062
0.279126886803
0.357764225818
0.62196097522
0.236443080223
0.754232883219
0.0638604716246
0.163492377629
0.0768676145173
0.935446913823
0.876065663879
0.394367335388
0.920313215264
0.470299577847
0.255349435576
0.810060240333
0.65992571903
0.105800019507
0.992684366314
0.126551159368
0.559592587248
0.126632425191
0.783609853028
0.744830887138
0.410159991739
0.956547243737
0.903480151288
0.578027228064
0.709592679428
0.989430327938
0.254985600609
0.429826370746
0.597006452582
0.834996362209
0.707276776269
0.615695291652
0.567286391016
0.779811136467
0.0332314511208
0.114976071194
0.112974330033
0.0541858668288
0.889835436
0.236823455634
0.48341604285
0.0550828745345
0.345358941546
0.0051345334747
0.0493062936448
0.938936630623
0.695946032456
0.914772765109
0.694986122605
0.173636977212
0.835768432508
0.860305615739
0.344449723691
0.245883964747
0.863987612445
0.910064843146
0.954694239943
0.129042965964
0.956710367966
0.382337997216
0.814525566896
0.0512048921709
0.280557724943
0.966036057469
0.695850849702
0.22162967731
0.136441905667
0.051315559521
0.474437367867
0.97069082937
0.460122047733
0.650449868608
0.809241151443
0.473226653414
0.797112446173
0.0319822229082
0.385555822664
0.394483332274
0.867838891808
0.467863652312
0.268023550857
0.645462438813
0.854899284105
0.866404814019
0.0041524182371
0.53293840744
0.341633577067
0.562342380913
0.538043518041
0.35741688499
0.466348355195
0.331697949841
0.22298219918
0.182905542403
0.885926147285
0.624525596676
0.0395483814623
0.0446583318114
0.787899645592
0.337420657804
0.451327253557
0.601831265839
0.452739714684
0.0987845808798
0.964599044771
0.879671955693
0.59431385202
0.237931901831
0.346238793121
0.593333595756
0.34197644878
0.406196884522
0.716843871119
0.714205461006
0.639107878333
0.65962832408
0.190083433545
0.725543679137
0.697184341921
0.723113408321
0.77717083236
0.359952739449
0.200066890832
0.842928887379
0.529776324861
0.4954389035
0.969580043694
0.563267061556
0.271975644698
0.439524336697
0.127443212041
0.056037480752
0.185689234054
0.74153575166
0.200848393841
0.0029944017702
0.174025392618
0.7337024103
0.614242460799
0.618671186103
0.966738058145
0.292768178905
0.257160630391
0.0751606536931
0.0476911412025
0.706227320715
0.0654011460025
0.305318517515
0.593754886342
0.863725873285
0.0616069739204
0.413990503654
0.519462682525
0.936205115472
0.45660013859
0.911299227526
0.90914442498
0.758872032663
0.79569177152
0.435949117239
0.761077876143
0.359145689422
0.669315488672
0.182510140565
0.756088717343
0.00576882253261
0.174492477081
0.32453281484
0.381780311647
0.367964138424
0.547831753483
0.167863176027
0.463902605946
0.41806373559
0.0633912758463
0.950173443699
0.271063369659
0.182830107902
0.301894398561
0.673973623374
0.152881898985
0.254058102521
0.698539587156
0.121134704404
0.076320371996
0.0798328563579
0.986171421981
0.36562399358
0.325663702439
0.461552718778
0.332697954969
0.647996034748
0.641998688781
0.413019818978
0.228263207046
0.384582633866
0.780298548031
0.652991683646
0.393625492492
0.150932004035
0.154870604155
0.863296499956
0.247385358109
0.0973696426263
0.93805471953
0.77937208041
0.535138224697
0.861580107316
0.657360751526
0.263569044597
0.7395320246
0.232079423239
0.117936544991
0.900841751422
0.952454648268
0.0189431704741
0.337495277603
0.982301928368
0.727719303491
0.19698841782
0.139259748583
0.511040623976
0.233879251038
0.360636793646
0.598973135542
0.304732941689
0.377582179858
0.379842885657
0.556325701791
0.663113075619
0.0358837793299
0.474480163519
0.971177471848
0.248711061612
0.786847975829
0.11475495537
0.0288689740741
0.858032328115
0.476620667909
0.196973397941
0.439002776401
0.297069164645
0.0549657108563
0.594439234784
0.0109037678933
0.465795349067
0.0995242096676
0.94245434971
0.397448490177
0.695713895023
0.442291095457
0.463263831715
0.590284580476
0.72386061017
0.775967172656
0.4004780111
0.486295496993
0.0755848248001
0.683390131453
0.270435108737
0.176275116773
0.191788412178
0.718220161561
0.727139698225
0.675691519785
0.55852214195
0.435307968212
0.629806313643
0.140390608358
0.660156175005
0.438297049471
0.392247555554
0.35788061184
0.726236599447
0.979768889586
0.273289205999
0.927543239294
0.904649848074
0.0284336029661
0.687333037834
0.689264012487
0.519091243381
0.909464717395
0.774002875555
0.498471859953
0.0833315741439
0.771301687223
0.633993873796
0.639765449226
0.157927372541
0.737356732427
0.58470577201
0.244662582689
0.840178403644
0.738392508029
0.700037990538
0.877589429629
0.742012463986
0.971581613693
0.365145526172
0.727350466697
0.852219910326
0.367736818313
0.518417419729
0.0309143834407
0.0795719953933
0.0169935664334
0.151453846419
0.288938710338
0.934507313281
0.193751575543
0.759895812481
0.243491139979
0.656601177024
0.380979629027
0.659049723143
0.654768336885
0.968626485485
0.162672630942
0.210175947687
0.390846086556
0.439914005087
0.239846574464
0.81090868547
0.273399810315
0.317576862144
0.814972734671
0.419908124785
0.536881171798
0.514113201175
0.477654362313
0.996569465217
0.830623385159
0.408146851872
0.293148361193
0.092251612909
0.123181412243
0.491681276779
0.801952260067
0.30186849023
0.21113922739
0.463843960925
0.796075097611
0.794243227742
0.140852647652
0.636279169752
0.85903164572
0.502556489782
0.866344760154
0.235338043166
0.214437530891
0.324480432342
0.734358420855
0.742986642754
0.485926610875
0.571743787747
0.7730128905
0.589927253158
0.698269929159
0.250386924438
0.977554876829
0.770950391274
0.692486429861
0.0860183303539
0.642598216709
0.564550330183
0.91867840191
0.58135576185
0.979680788327
0.644696112218
0.716535769544
0.937621064013
0.50662736075
0.109895943437
0.491368899601
0.369671418155
0.147187756628
0.201165143351
0.361310829435
0.316579453668
0.340924618734
0.756357107407
0.0854696341512
0.875640277145
0.00992594700999
0.751682310483
0.611201618302
0.225906859337
0.578340631637
0.138518071654
0.879854203226
0.590735737745
0.0857029053331
0.857963253822
0.668500738367
0.0537408825498
0.242689629647
0.421425339892
0.390293501027
0.531488209882
0.747013307897
0.17335399002
0.0702354794942
0.489978192955
0.173830202067
0.694912241437
0.940771950316
0.0774160153882
0.00667712662176
0.980565164434
0.129522430331
0.721386477096
0.111169567817
0.0875183959419
0.592798006878
0.103607812879
0.893109390896
0.694100967556
0.66377838422
0.583847077224
0.21487761452
0.280929970672
0.56080921125
0.525464225018
0.566161725193
0.547717585029
0.274759818765
0.0161143245679
0.525568955714
0.899800336359
0.582311167933
0.375722781121
0.30945561793
0.845819504576
0.0604656243171
0.103539433844
0.574334494947
0.249081310351
0.420871653762
0.893326513949
0.978959087615
0.26069720394
0.0294881097548
0.879089439714
0.88377871787
0.393663065879
0.212819406733
0.809931666928
0.82089135305
0.666700245084
0.431006313747
0.142590509853
0.302185583118
0.731716872736
0.594785530101
0.332219085801
0.389721043741
0.333391666335
0.80230625379
0.161210609865
0.615948560081
0.225205012371
0.374672902952
0.355133462581
0.958427866527
0.694962964559
0.385890293635
0.246038146157
0.942732372193
0.640870241322
0.880017847946
0.0795787071218
0.00512626290923
0.393738143793
0.733019430244
0.708879846051
0.863568951654
0.191446239699
0.390080790757
0.0250607271597
0.899961658367
0.399211678052
0.967013441512
0.0964417252105
0.244489154786
0.389104826715
0.449844351654
0.12537107493
0.040885008489
0.0198843261835
0.427779824148
0.850802577601
0.896631636267
0.609205084596
0.699892249714
0.803628277781
0.443688955949
0.044926178377
0.204150866083
0.424099175399
0.830837137357
0.771752843356
0.586625929406
0.463033397652
0.200896203064
0.40098256096
0.268135125425
0.252274249115
0.740311476171
0.0998204590144
0.571059604667
0.154020952078
0.778586423898
0.0665345319704
0.790358210219
0.244078972453
0.88774517928
0.207024331663
0.603612784272
0.659268181935
0.622742830154
0.429514297404
0.897320512501
0.40109223315
0.425449050194
0.718095933589
0.660701943887
0.573471717509
0.612840806162
0.393596957602
0.300527840011
0.544094214122
0.0914596060377
0.806075114358
0.831412468054
0.0635988540536
0.115103274709
