0.377531185268
0.364589641615
0.751182205594
0.657644040613
0.119051720615
0.76934552509
0.319792000518
0.726327881112
0.173929742594
0.72161257123
0.302669243193
0.929584680026
0.81171220439
0.46704421404
0.491581634687
0.69747793376
0.611601081608
0.885037184609
0.956444669076
0.119494403904
0.398751093482
0.963059592963
0.180212757502
0.824444635384
0.943151823987
0.788384179665
0.0790822715246
0.957924305238
0.347444893024
0.795193229385
0.458718238871
0.95878175364
0.305377298011
0.76346516069
0.388716398691
0.0909777629183
0.63234748149
0.64447062166
0.728059811075
0.294805191085
0.992470752322
0.812621922874
0.743435778866
0.142565056099
0.28532186542
0.495110109299
0.887287634473
0.282467470416
0.381725021567
0.397526580396
0.299564182793
0.0900481804632
0.475027802897
0.0276911834302
0.956997085686
0.618956053188
0.417783655804
0.550373700859
0.570883360923
0.401859558042
0.109841452724
0.716070912167
0.995406151932
0.935838235153
0.382284863952
0.293690009115
0.861752959406
0.918688740439
0.513161260599
0.910937618756
0.571011118213
0.344615541403
0.825257900757
0.996878766337
0.832930364305
0.0578352388592
0.956312081657
0.571054046008
0.560153040649
0.99397681117
0.70465200308
0.0806433396009
0.247970209779
0.626428755795
0.95982742325
0.693934592741
0.523905456362
0.896582179929
0.844956062421
0.0510060452013
0.109998392334
0.235180208667
0.16077685273
0.62417360092
0.00525323269872
0.658340094637
0.569379136225
0.415320269287
0.315209896145
0.0341214294096
0.635134806329
